vector 0
x: 3.0
y: 1.66370575546
z: 6.18320977804

vector 1
x: -2.76348307707
y: 1.66081804748
z: 9.27981291301

vector 2
x: 0.0
y: 0.0
z: -1.0
